      41692700086972060363001422126222437655738358512181      
      94632943248491836189074730660127150889159076944909      
      70462690755273723741140110774024847380123900154682      
      52917188377333538497504989119390595020980021177728      
      52115819754416669271939430171890678367968171989418      
      37941636666778849380460389928978602701019800922313      
      27375226502661575973282306793102897081492875402494      
      12467020630647623100557243007162368306392714015898      
      64717176221589213023923982132053219538290946125400      
      21348750929803707872870181498427199469656284121116      
      95067941479993952365487205473205447643325384692697      
      10935800007519647643734828443510505941188357119868      
      75259440453553007713140561628554231831645378636764      
      29454500882417318346319635015931452496396722705806      
      78721032118833809259463717737507336078571346022793      
      83136161197338933064457049368632798525388676889134      
      01289190621539149377713623574050633476024079001800      
      69893100309976864650752681214463835188690295444487      
      31528809138108444010498464372014485361092440997764      
      95718255577382969790502759404311412107131944230920      
