      51014155131140431077522207705022045566157121435740      
      44321364211761727047114744535276533663374007077537      
      17067515327413427004251633361076430232221106010204      
      02727166024600472607776057432441617363031241241710      
      50567666055476404331555231571253176444354426162062      
      61450650514573724005536443442334242126500301752373      
      21744276525072527221224540102440535310045476521532      
      31400766075213247717126636231601124444432545211156      
      53251341726535226312444673756477311460305653375162      
      27171145774775344110563320771600316376346676536176      
      54423367141011446020746201651131625620116463524741      
      43264531267243763401031015251564571725263447164067      
      11174402150433175225273101563150104066774747612406      
      13502237074314345225343465741626116550056421641214      
      31110576626160172553261327464006742367437663111125      
      53710005273372306573340057132236203201772711216301      
      66665544134175340542400226267030740507527353314675      
      63765517304000127551265057730033762311337120773214      
      11161053647446254173414734500564605703414500065166      
      67406515531673570552733401716023456662213142612477      
