      42471065537755135776107022351535544707422251575450      
      06743152262353570214654442604720256535537706470620      
      66645132173253636232611157571606572055472554417530      
      32431711330447737727443273753340177555741325265114      
      12464265332315176725212154421740770056330057477660      
      10427447417262054331772525111712024430040773614617      
      22347464042001076020630647340133615315106245004153      
      06516401452465714474467006445020370271711256271563      
      40411406573733213703250366551235503151767200457603      
      20617572546104532340462011617567763056204451416622      
      50666106427523346633445070072577035677736650674420      
      65546636370152337576273522371135034135266731556263      
      76615461321335006160414667455721576667112376052106      
      42621675245563467724174365045165225167134406774760      
      53001110674012613117316174445314637322203150621342      
      42131142660717746016210720055567070076177374122347      
      65055045715157631147714624733336344021162434370637      
      56532710433354072053266430457444511163047562114543      
      12406050302664435504474467164163355506427230524004      
      05112050655571266524147547406034670276456747035660      
      15674300666700343367535433125724012467556023235717      
      14426164145407061533275674254653420545035217717337      
      26754416313446060736432203314346571351551637333526      
      53132640025344775063367101730653300234175211626455      
      43703170051441247530435256245000572631504530773265      
      71434411037162504264062702027363271056557336557527      
      60500506604701767172364264162401762141121363160064      
      14666536205512421764410740007023411254446446056713      
      13047210446515567354231574406160467371330250722567      
      02622176605564017012643314431001140773553041404321      
      66730751610634473361705223747337445133534244131063      
      71127034172115174476360160755674052570353215730463      
      41727570357706240121413306333640743710632775171013      
      77712063667303646641323174052174652643442624244766      
      12751646246103116736465645307477132003226334134264      
      13271263173373713113501664022270001041333565110557      
      13635477501261263720671463767032274637266060634507      
      40500664067615713646017160210110125647057236633074      
      03511052543773513622061656716232300242667417536741      
      71060506046270761435560153537014022063422166274671      
