      44169115673110165723797852945364528664966966938641      
      87416581670336672984534094431464086138979147761669      
      89184701301874303245760783700540097332608308197439      
      76110593857552701035504293569327751441798885431462      
      34911467333682821985065882124509180766279434598231      
      92614661318151686238434145287351008207050022796611      
      82141407382105585982832080273376770261575058803014      
      97212779907546110645612423343881469133173381919136      
      74167669357405986544149251250055704101343882029222      
      45474274694909894418893681743604010360436600832127      
      94780529143535429935404235860396728799799523368516      
      37859224826328103197903178968795617031517697245642      
      57544705813105312773812788867844769444546472685365      
      25799994057542488495127577933968526707750903931926      
      85359537290243770933499131532649808862010735888384      
      77938557522718281003324585326925420342367692983676      
      59673932033957064261903655240528407407414508127332      
      22753887470389062581397069289405680019787137160672      
      61463923823489964740026723051390361433279142768176      
      31063119748764633384202025552498547101531051549299      
      07038094189013717613900771774411578097276009535827      
      68408266919221127353990302549334934253091663501178      
      45628276007416743819741310724937413090554601693644      
      84002665481877587624174325766216184584501940451346      
      01461129093110094257092000325155392522770828565136      
      48524037297168340785284447791861540051007637939606      
      24347200583577423060774558324966516114295411265705      
      92631481800381067222355686143020047068182516867156      
      40752611999547470475172329683254271498277597267078      
      40550194296516003154262117147639320486886071799797      
      53300739657666870766162955822341434224302965913051      
      47614134242834146554328919456498697934882010437512      
      68736166950090908842132138594362935562720560831102      
      82094426671092498776669362347523207004491011704473      
      20514629073801819009262370788825839996277060316248      
      47231109603229346922295534480591244198546158970664      
      64993434200114718671988172861288861051451830068961      
      92677780842334759334739798171865921545421461474407      
      48616031520890155906502300729310819073636245221153      
      19533618560505946068926738547550922137104497939273      
